814
758
683
813
929
374
307
191
478
366
869
820
864
136
853
246
998
834
779
259
540
16
39
138
203
539
851
470
935
389
991
748
498
673
912
778
46
219
968
876
584
188
47
447
323
899
44
321
733
174
931
624
189
321
113
391
212
315
860
146
703
203
245
201
875
509
330
273
727
298
148
662
837
546
108
512
444
503
184
528
676
466
503
865
786
616
607
997
930
819
494
985
21
91
537
895
599
866
519
677
515
666
338
352
211
797
215
7
299
398
886
326
863
741
542
1000
356
149
997
637
967
842
973
339
932
509
585
882
375
104
558
889
769
895
592
332
43
806
690
341
555
927
667
417
667
208
769
22
708
765
11
26
606
983
364
890
844
949
771
218
52
681
106
172
575
50
855
618
855
896
310
410
823
328
178
489
888
946
863
595
62
873
973
20
207
688
261
50
988
31
619
-31
711
725
915
638
774
769
607
980
665
916
741
487
596
919
327
483
216
189
429
630
413
401
649
620
441
909
21
428
291
640
171
354
716
85
343
489
205
301
820
869
216
561
707
163
831
386
645
398
574
74
27
987
826
27
606
618
287
978
398
930
617
568
635
332
652
977
172
856
277
992
77
844
904
135
7
734
520
3
483
446
428
510
432
606
536
389
223
823
366
620
752
983
539
386
666
542
714
838
398
342
181
826
185
436
312
543
521
184
546
3
629
973
512
412
578
400
800
153
574
165
124
325
499
663
62
165
204
127
354
953
468
886
130
4
321
442
547
193
977
92
195
957
416
59
368
346
458
167
498
31
683
621
707
534
283
120
50
487
-62
403
791
713
640
921
716
312
714
614
504
690
57
698
646
473
756
13
818
565
531
667
595
565
287
301
98
922
420
147
760
17
901
550
81
540
470
797
203
183
762
706
224
819
756
869
291
863
233
460
428
115
126
22
680
764
675
777
685
446
924
444
463
824
346
895
716
167
43
918
702
805
976
925
623
83
146
265
945
378
724
372
493
849
746
524
964
772
300
649
217
223
444
31
399
141
926
466
308
320
735
9
124
62
933
746
144
78
10
89
808
733
812
652
933
909
175
249
680
474
897
249
49
692
631
799
833
908
616
492
228
350
500
351
764
784
449
907
214
458
347
21
543
511
24
827
419
198
75
99
671
323
699
71
367
329
221
551
237
836
42
816
538
541
166
301
676
614
559
889
424
906
261
318
416
284
144
186
481
571
636
504
893
334
926
611
15
147
161
603
982
202
418
871
94
935
171
770
901
730
10
324
987
271
641
754
554
136
939
387
706
927
242
951
612
167
561
626
313
722
580
647
275
997
517
369
284
40
490
184
121
499
859
107
121
851
212
27
986
150
765
692
428
6
994
40
172
906
665
837
979
597
483
254
593
351
974
228
390
463
411
510
313
621
968
786
471
179
812
457
681
576
500
108
581
845
147
104
750
164
940
729
760
774
982
704
125
955
284
866
769
46
728
433
667
695
218
137
226
29
945
906
956
796
365
536
640
864
992
742
27
931
470
138
705
803
193
181
109
476
46
229
874
125
661
540
172
879
28
397
907
973
302
215
120
18
750
112
881
741
853
259
24
674
748
80
476
941
260
936
768
657
164
641
782
824
532
305
702
560
701
961
884
354
175
3
371
276
466
252
369
318
510
744
991
258
823
818
550
82
753
669
90
268
662
223
92
193
527
145
104
227
457
987
580
983
342
303
611
807
554
979
477
415
722
819
24
896
637
573
977
741
594
418
9
255
641
452
799
167
948
903
746
405
241
325
387
582
979
997
741
884
327
569
299
400
387
322
295
375
247
623
468
840
41
476
94
681
-78
892
199
226
146
944
982
387
621
369
320
599
717
412
483
44
980
133
795
719
806
90
93
404
64
560
243
456
387
688
488
17
932
687
243
429
982
224
815
602
944
135
553
13
898
387
408
878
519
202
596
676
643
40
80
707
952
674
514
690
714
2
707
997
40
301
425
21
876
592
623
820
78
175
832
975
561
239
204
431
792
799
458
435
191
537
493
494
563
6
183
628
359
241
624
398
541
400
419
417
991
41
588
68
567
771
43
479
361
246
261
152
397
718
938
939
607
782
432
169
140
966
796
498
207
771
896
747
170
666
163
161
58
102
580
624
872
974
454
232
220
714
384
968
431
673
258
389
455
689
909
594
654
56
443
212
826
690
959
348
355
473
860
412
575
439
387
446
413
192
30
984
905
765
303
688
437
560
76
243
600
337
836
605
392
631
817
218
320
127
565
675
599
776
438
525
214
177
323
978
368
352
313
273
468
615
312
904
526
739
147
125
75
334
82
467
964
898
36
284
376
952
310
326
727
99
851
940
275
525
270
643
228
582
267
695
549
578
598
426
316
96
903
743
782
984
209
745
233
244
380
608
195
41
285
273
140
135
212
414
11
833
408
238
767
674
932
315
251
882
92
919
329
994
661
110
329
221
207
561
816
586
520
362
979
805
634
118
291
197
883
302
30
291
891
148
964
175
814
567
56
905
485
736
899
497
846
579
69
52
140
236
989
11
597
967
815
582
84
458
778
319
111
159
609
1
306
924
175
119
842
582
376
678
318
626
174
163
204
594
566
343
829
554
354
777
521
520
358
956
329
136
626
439
646
586
-21
304
510
614
422
351
548
797
29
865
422
554
379
626
500
296
320
328
849
25
105
721
897
462
29
225
949
654
664
947
240
455
250
101
420
23
803
967
172
183
831
945
89
561
922
588
856
242
267
57
618
371
129
866
185
157
91
485
163
106
431
402
560
680
854
979
703
8
946
874
543
128
818
631
41
740
570
248
333
836
304
950
207
433
816
743
941
258
227
103
363
658
856
274
337
709
604
391
69
901
264
611
29
434
241
421
525
810
668
857
997
324
158
555
756
325
297
696
582
524
151
296
533
6
921
221
715
525
612
135
425
227
745
805
660
337
225
536
498
245
392
494
568
902
49
675
226
345
370
160
220
872
455
752
878
728
973
944
252
936
78
28
162
822
833
174
158
409
709
655
653
453
500
220
354
548
894
579
245
616
90
464
487
545
568
364
272
892
659
875
827
736
902
340
557
86
513
66
495
574
72
499
378
572
719
83
471
964
13
715
931
103
531
770
647
450
485
270
341
144
496
519
879
749
858
788
835
723
205
681
648
277
-48
25
200
249
107
22
213
119
89
495
221
619
264
219
68
101
840
760
244
687
278
474
436
135
261
622
209
818
302
856
446
480
232
645
81
338
18
645
809
106
139
381
76
755
600
495
855
791
254
98
830
883
571
265
370
184
238
578
1
539
434
-12
370
665
442
450
355
459
94
163
565
585
895
992
339
494
487
193
637
740
290
466
975
212
82
344
395
319
921
747
209
706
192
578
723
633
380
77
444
825
591
360
409
485
351
747
331
837
939
319
929
580
136
903
792
217
246
538
887
518
285
95
224
476
672
946
461
403
374
904
228
316
615
636
152
965
383
482
154
673
152
82
253
287
984
396
855
581
933
741
98
217
835
321
45
859
618
505
261
343
760
488
658
726
124
162
690
858
995
843
882
147
276
134
433
259
529
288
839
814
28
289
382
215
609
426
73
579
282
333
921
393
821
931
118
296
92
160
505
86
354
386
584
630
872
369
240
752
656
79
565
35
367
947
601
327
724
673
257
6
6
178
750
178
460
868
825
903
379
681
988
732
418
924
361
289
292
601
393
299
31
957
685
749
255
286
427
331
958
684
688
315
213
437
492
672
656
668
574
34
348
913
766
766
836
478
406
127
78
798
425
460
107
110
208
713
747
635
43
704
670
730
19
882
519
862
553
174
530
478
208
229
742
325
994
930
802
752
56
232
549
833
691
7
294
899
720
40
885
762
95
554
844
113
435
362
975
339
887
856
168
94
84
909
770
430
838
572
181
246
803
81
430
845
88
75
95
807
114
979
920
560
884
115
673
670
476
999
8
363
206
527
808
289
788
930
718
977
501
250
574
655
331
3
851
418
77
946
224
542
924
495
102
808
610
126
477
437
476
837
151
681
715
311
969
502
240
39
479
92
288
52
746
970
407
948
387
835
893
962
729
169
809
182
328
418
307
156
854
782
992
357
462
707
667
782
560
906
172
38
997
812
442
94
781
848
41
520
682
286
481
410
454
641
591
781
58
249
936
264
382
280
620
195
338
638
977
897
543
500
935
891
311
728
336
92
575
728
963
608
13
795
370
818
436
960
598
493
561
534
108
942
165
727
137
502
716
465
398
610
964
684
500
275
411
187
718
985
915
680
945
279
474
314
97
261
625
46
754
185
931
213
127
95
292
615
596
7
79
994
617
42
677
468
668
440
655
385
424
921
416
720
199
242
33
647
502
658
693
607
842
623
820
320
718
111
934
665
117
364
658
733
406
687
201
73
126
207
810
901
127
577
621
677
818
653
676
320
662
368
926
504
342
97
175
411
207
109
428
676
472
85
408
229
123
960
654
600
518
815
501
644
391
473
673
209
477
348
880
139
67
157
994
760
254
168
523
812
628
950
487
452
386
247
32
509
558
685
108
76
851
960
719
242
784
743
802
261
90
33
399
508
189
744
268
794
911
790
606
891
739
444
694
124
690
725
984
248
762
444
323
612
755
393
205
539
136
358
799
577
390
549
85
931
292
352
724
554
493
681
796
583
477
489
58
-47
566
42
765
327
837
439
290
591
184
495
481
319
852
279
247
594
179
331
524
822
34
599
728
526
632
523
460
108
364
518
625
929
911
742
607
747
532
896
689
67
742
170
737
946
800
984
539
979
314
414
152
700
12
879
577
995
754
37
102
117
906
79
397
816
172
3
914
55
250
954
122
992
123
858
937
275
193
475
253
859
888
756
558
251
635
134
246
740
522
699
856
427
777
604
594
300
958
507
707
207
461
180
198
935
37
486
209
230
960
813
88
199
569
997
450
555
482
47
294
4
745
501
782
874
456
376
525
413
234
231
619
46
410
169
981
799
654
541
380
966
706
819
516
626
815
317
180
296
363
825
651
108
325
433
333
780
808
857
544
41
88
162
439
849
682
419
647
688
311
26
5
16
844
520
641
10
837
172
306
199
996
956
658
672
388
990
803
547
847
346
940
286
860
378
134
541
796
781
580
458
158
584
826
2
104
818
11
292
990
668
490
337
976
500
361
363
841
163
262
39
509
201
324
368
578
810
260
725
942
840
182
99
423
359
452
526
177
815
817
518
482
659
206
457
510
566
172
350
729
785
389
237
985
64
956
562
225
215
286
166
54
819
617
477
530
68
354
706
882
523
575
716
533
780
524
42
346
47
743
426
831
131
14
815
547
969
728
123
535
365
289
589
536
905
417
65
972
122
122
206
644
696
921
176
475
796
569
172
843
312
949
673
794
962
840
340
282
919
463
817
284
103
405
171
7
173
235
330
294
356
887
290
403
807
465
229
603
386
753
797
697
701
469
490
663
660
182
296
579
996
112
214
450
868
736
456
392
970
137
686
677
376
975
431
-28
791
659
488
176
411
284
224
112
105
714
126
764
247
421
694
242
885
259
691
752
994
498
496
315
986
181
343
361
507
773
895
649
432
382
177
194
18
400
305
122
465
782
237
711
555
931
304
439
541
346
542
535
195
37
849
533
569
544
893
427
316
139
76
99
873
604
293
890
3
949
363
820
83
599
882
637
881
538
427
422
883
320
956
430
709
156
962
277
699
206
56
15
345
131
465
569
86
757
810
440
58
172
259
140
770
141
776
651
678
202
72
912
873
379
341
581
534
302
210
585
508
265
599
204
747
63
772
832
172
933
271
229
104
530
368
225
22
495
227
51
48
650
962
920
28
655
501
914
308
710
498
815
974
448
370
720
862
493
551
385
425
173
613
880
702
332
105
75
826
683
125
873
333
439
793
712
93
645
977
400
706
474
567
31
273
288
750
487
781
652
871
557
824
836
437
878
167
893
952
345
575
429
217
259
867
361
323
311
357
299
710
62
125
628
92
397
268
193
235
48
196
106
956
20
941
392
249
459
636
552
803
563
980
372
821
846
732
143
156
89
442
218
502
918
197
594
666
464
786
901
863
982
6
819
353
298
562
953
756
198
504
911
760
484
282
932
329
365
427
837
805
220
406
307
137
602
252
802
418
37
702
280
370
59
98
722
708
12
674
816
209
178
726
320
13
359
603
693
723
29
529
528
248
934
186
736
888
437
538
305
825
591
584
195
2
34
268
709
45
942
524
253
471
601
924
835
959
526
527
34
907
56
561
506
341
98
242
228
534
131
532
358
73
116
904
426
501
172
135
545
465
10
149
287
963
72
121
921
949
647
306
207
54
218
713
395
315
306
622
200
436
506
910
860
973
813
286
473
984
772
17
448
133
517
734
95
940
206
368
888
853
673
447
906
891
159
652
557
464
274
757
251
131
666
462
103
830
747
927
814
518
295
613
3
811
699
-71
750
904
816
989
108
489
435
14
731
945
665
287
408
290
395
10
772
412
472
874
242
570
152
55
440
446
19
442
256
717
890
357
973
706
346
80
546
780
445
628
725
462
266
484
103
661
846
875
72
669
100
313
238
252
719
29
697
90
822
305
158
712
661
130
417
6
562
314
138
6
941
214
819
206
697
922
218
894
796
290
562
895
954
152
498
25
532
195
114
354
499
623
65
159
753
833
517
666
498
654
23
438
867
842
995
915
115
213
161
262
854
74
508
807
225
6
183
109
200
648
462
50
271
878
560
375
710
76
392
207
81
414
996
299
607
990
214
721
554
726
982
407
799
490
566
376
847
748
484
398
748
945
447
370
822
6
744
883
434
135
441
514
900
436
165
507
777
378
579
331
455
561
737
253
402
654
628
248
754
111
645
501
-6
443
870
580
800
965
462
585
99
254
451
350
689
615
856
818
344
435
148
798
347
236
50
100
890
678
699
995
140
343
495
899
137
364
478
936
680
292
521
778
545
323
479
-75
937
335
755
280
121
902
77
467
489
126
918
730
155
616
724
647
958
570
897
446
933
374
733
612
17
605
741
914
927
572
851
863
906
605
142
378
858
570
844
698
48
761
428
554
728
503
200
685
73
96
482
357
822
214
321
190
819
413
455
745
984
305
960
889
261
101
266
118
23
461
816
70
573
595
623
300
97
175
336
169
622
169
878
443
383
198
985
553
610
439
297
594
96
256
834
356
709
452
826
83
264
641
152
837
587
126
488
683
300
176
204
922
344
81
716
78
630
700
630
239
491
279
832
586
886
666
941
946
117
766
28
380
758
531
568
696
657
408
731
308
935
934
581
278
366
297
708
995
348
337
233
838
615
417
423
-64
434
716
798
550
833
826
281
943
708
201
638
364
608
368
24
542
653
604
171
18
900
878
364
600
567
949
437
181
717
212
33
150
927
183
51
759
360
331
701
67
883
691
783
842
58
806
735
711
761
906
80
13
135
796
612
701
744
48
234
812
259
618
961
537
800
11
648
159
693
700
578
576
390
360
769
448
517
504
510
277
761
941
289
895
736
900
948
831
300
181
642
558
150
954
447
302
964
94
812
657
793
389
584
183
100
352
982
616
855
491
893
615
783
181
862
519
433
809
701
732
341
695
641
842
648
87
143
612
180
955
620
325
695
555
507
795
906
488
410
113
330
654
79
464
835
940
334
619
100
35
350
792
81
342
634
728
781
776
691
312
82
310
636
129
216
142
923
122
981
684
586
662
338
664
126
524
956
811
142
55
845
843
847
925
536
832
5
316
607
695
628
41
357
263
169
-14
757
443
45
89
126
630
751
815
646
228
338
601
38
831
7
235
25
205
511
561
36
515
876
995
562
855
387
270
118
555
841
874
349
238
314
826
867
64
641
864
643
330
816
33
161
823
267
537
27
129
97
415
644
325
761
557
179
147
826
296
701
18
521
401
255
835
226
474
250
866
337
245
196
153
277
708
327
895
244
705
23
693
119
18
17
879
574
195
25
399
843
77
417
-46
477
671
901
55
496
503
920
833
747
467
337
375
526
663
269
770
367
291
814
838
309
830
716
882
376
93
633
218
521
49
285
350
71
185
404
567
39
675
751
785
142
87
159
19
101
427
788
467
70
953
304
378
782
372
611
158
816
243
727
336
643
363
685
66
900
440
632
938
115
734
75
608
172
233
626
272
12
766
738
433
718
394
810
852
765
772
9
932
367
87
267
9
802
304
74
701
743
57
638
857
142
64
816
313
297
442
584
660
559
674
92
276
67
253
127
183
24
487
114
742
926
732
751
727
35
176
779
778
585
768
986
726
832
802
391
480
595
974
139
153
647
582
780
65
834
907
599
209
745
64
951
22
796
53
100
830
580
878
959
516
646
945
242
477
98
984
308
692
957
446
844
956
379
975
372
564
881
971
124
978
34
426
999
829
478
99
11
410
328
969
925
973
265
518
801
362
501
108
405
810
905
600
765
283
575
136
198
807
458
322
136
492
747
135
672
225
585
682
986
912
3
910
237
619
428
389
981
928
497
737
737
753
689
853
388
263
341
585
421
798
906
557
641
653
43
313
229
979
346
214
242
348
123
478
967
902
867
299
830
715
387
918
467
75
771
854
689
463
791
110
260
696
666
253
348
708
565
576
38
262
141
279
962
264
757
280
165
975
930
346
41
316
616
859
391
386
65
431
200
855
-59
811
550
557
63
250
616
979
177
653
241
318
932
554
933
40
833
97
14
762
795
406
77
410
264
819
147
328
250
346
534
141
156
84
698
571
685
313
549
861
966
141
178
897
694
110
936
526
559
301
639
705
706
716
114
321
886
612
649
487
309
534
628
816
617
677
386
301
989
287
514
306
779
43
554
473
505
489
350
415
141
989
119
198
56
584
519
293
195
519
780
855
52
759
670
21
435
56
673
423
694
186
81
472
229
634
296
733
475
998
147
615
986
617
813
393
200
683
685
746
201
816
600
604
574
269
976
8
676
649
783
721
186
863
193
766
848
840
498
322
837
996
289
174
964
453
566
515
135
603
612
687
418
211
642
344
832
618
703
859
266
485
580
451
699
124
217
899
963
66
220
800
414
508
973
377
960
891
244
446
493
855
484
262
66
126
605
249
743
660
459
8
144
390
810
195
513
378
93
828
444
664
627
209
524
951
937
483
841
180
281
685
35
764
299
452
889
255
52
631
914
510
990
410
900
152
956
764
529
48
591
324
63
569
532
586
520
821
421
712
1000
701
397
386
816
47
189
705
301
240
687
215
102
29
976
353
180
931
116
708
330
707
384
392
627
267
330
146
87
750
210
439
802
606
176
617
4
365
673
304
604
360
870
57
388
845
409
919
127
525
978
456
583
361
200
209
980
529
707
66
278
916
856
431
873
32
47
876
748
720
531
703
431
401
760
818
597
168
88
724
692
65
531
626
426
730
835
757
610
893
822
239
808
30
669
680
413
716
907
160
787
437
214
217
189
973
386
786
141
473
861
184
537
743
810
314
825
996
70
434
240
244
673
47
625
693
78
37
408
984
548
546
420
761
762
609
86
499
746
226
971
958
761
860
52
922
525
876
269
595
310
508
190
334
554
814
26
631
202
786
966
101
331
386
213
445
346
298
943
443
875
914
752
636
125
803
557
649
31
826
595
340
333
784
25
239
949
402
221
502
187
187
954
870
924
167
314
621
816
256
415
691
521
166
678
645
320
234
646
350
411
240
41
96
376
417
686
324
819
906
178
5
444
131
226
367
649
539
339
465
147
753
507
19
270
184
16
590
769
661
939
532
900
332
979
275
748
664
951
566
569
128
923
13
610
148
731
259
39
70
75
537
174
581
555
444
116
570
33
884
230
323
767
482
654
745
756
754
408
58
319
329
185
593
341
795
93
423
405
131
844
479
19
18
411
573
461
526
495
845
761
724
167
528
557
173
272
313
278
32
370
596
360
907
541
52
53
633
474
457
115
670
935
133
687
345
705
147
222
199
343
982
275
861
509
831
385
133
495
662
164
865
610
875
123
150
926
175
782
751
631
896
420
917
28
458
613
732
956
834
283
298
815
557
159
676
739
895
808
234
557
323
450
166
197
572
315
474
98
96
576
728
343
-30
996
370
805
608
453
761
441
87
410
255
995
920
930
734
815
89
967
371
411
768
536
959
339
202
432
436
649
360
515
991
707
510
712
511
117
516
623
909
603
33
163
597
952
445
330
766
533
648
488
296
767
375
254
105
576
38
892
224
397
758
566
455
619
277
965
87
793
588
995
395
972
158
343
275
954
25
41
486
24
880
781
791
255
387
247
830
776
139
54
524
248
619
978
867
248
294
305
40
881
300
786
204
809
128
479
762
152
871
247
176
750
380
318
4
118
564
834
893
54
239
768
302
209
745
520
456
38
824
847
271
123
632
474
931
112
304
692
615
174
291
142
924
22
459
279
139
23
112
383
76
702
502
377
263
246
248
70
635
72
917
905
546
900
731
829
363
34
872
978
208
514
119
483
535
578
761
25
952
225
759
27
926
260
756
540
505
355
610
140
778
878
396
324
129
478
504
492
512
375
469
71
889
939
553
775
868
313
800
819
537
558
198
815
170
305
706
674
659
315
165
437
192
913
760
673
390
615
164
253
989
984
323
229
922
227
356
142
540
155
960
428
64
509
594
233
813
300
259
472
966
775
908
510
687
19
182
429
633
345
681
973
328
4
554
601
230
909
742
121
415
702
901
478
562
846
63
375
145
321
846
463
95
105
972
134
123
153
562
107
849
242
431
528
597
984
128
827
244
870
299
658
923
199
488
484
397
550
858
893
870
55
355
316
159
326
449
633
830
10
739
30
252
170
557
848
505
685
26
749
906
325
758
828
875
245
663
271
794
521
516
663
927
870
331
438
548
779
70
377
789
161
759
40
682
315
239
538
351
617
286
256
293
396
-66
167
640
746
790
434
618
305
448
896
526
778
333
73
557
755
802
697
915
560
88
948
226
326
485
577
942
123
832
586
518
267
753
157
12
894
942
981
550
742
876
427
871
209
500
779
315
653
475
229
212
562
176
437
240
660
365
533
134
197
119
651
815
223
160
178
468
453
158
369
194
385
795
417
945
646
195
259
298
670
487
509
583
14
298
174
26
14
707
159
562
177
162
376
751
321
553
218
125
710
938
319
447
732
735
391
378
281
650
27
302
488
888
885
854
537
58
879
550
116
389
112
644
902
487
394
574
392
963
699
453
900
369
899
984
455
290
361
735
291
739
37
778
626
273
631
162
682
861
712
798
602
175
793
503
661
187
77
404
501
775
857
401
143
755
384
597
396
96
683
686
834
719
816
460
991
446
621
673
659
684
822
260
858
966
762
871
152
190
-29
653
964
482
405
458
589
788
406
984
235
89
22
68
159
837
879
502
634
500
-7
292
535
347
903
745
312
17
615
816
206
240
820
522
722
-40
979
310
363
737
645
597
177
666
16
335
854
895
836
488
746
361
131
632
59
386
-56
723
402
990
538
959
582
709
480
303
284
811
964
998
547
960
594
723
626
961
409
831
207
597
318
952
309
801
584
720
186
311
442
939
301
979
897
882
39
729
536
322
539
851
319
437
162
264
511
139
576
919
970
783
867
639
734
528
439
669
247
976
980
688
266
632
18
163
865
56
243
752
729
781
954
47
217
115
662
79
254
237
349
223
19
216
861
105
743
652
125
989
979
104
28
245
87
45
759
303
452
1
54
180
133
359
226
701
474
887
779
79
475
127
301
494
694
513
598
436
516
722
776
495
178
155
91
616
199
849
919
650
201
324
181
333
683
406
385
508
644
163
586
119
641
238
964
335
750
561
122
266
634
898
112
163
404
202
779
603
402
49
604
602
372
785
286
406
542
670
265
538
184
850
8
824
87
971
158
189
883
280
806
868
529
917
31
932
118
161
886
519
209
490
472
932
626
757
690
167
778
954
704
961
804
711
784
242
33
942
430
915
573
235
135
101
151
165
384
620
677
270
490
885
111
961
168
736
69
857
902
846
811
958
806
966
668
590
207
53
883
989
319
455
223
453
907
726
617
642
697
293
911
187
529
21
499
697
108
568
905
10
765
715
967
571
32
986
512
239
38
394
227
357
200
801
809
458
878
778
99
575
422
362
113
303
734
963
351
842
882
255
851
647
322
169
569
353
154
80
943
544
825
169
-58
376
322
412
833
551
189
283
477
963
644
589
617
378
904
967
571
785
221
421
783
542
941
351
247
446
782
189
341
958
710
592
333
31
4
517
581
544
152
58
506
147
998
122
524
253
440
446
38
661
218
172
554
158
875
800
604
656
341
944
966
50
888
298
80
891
167
12
434
670
421
292
816
771
765
692
23
557
137
412
217
355
584
122
512
458
274
467
465
614
763
430
15
2
80
446
892
598
457
677
267
230
320
82
1000
437
773
374
993
910
786
561
616
369
34
127
178
307
946
994
272
60
776
286
61
855
731
-8
804
540
980
70
121
652
503
120
88
628
493
432
537
630
344
152
350
377
630
879
-77
927
873
307
986
648
945
398
854
27
701
657
918
33
78
38
684
932
509
123
559
354
906
447
983
249
950
333
625
932
211
660
858
435
319
196
82
615
593
287
641
646
295
911
678
724
948
713
656
809
835
566
162
740
365
144
340
314
828
964
597
391
976
807
825
294
2
259
908
946
897
900
591
192
810
620
915
110
332
922
918
166
840
79
257
204
574
596
869
754
912
466
144
887
272
320
180
625
930
439
922
827
690
865
370
500
484
636
609
816
910
526
333
749
956
942
952
881
889
172
634
800
637
129
38
260
449
569
236
730
7
158
908
697
22
629
548
857
265
508
24
526
385
709
274
340
650
577
220
890
748
854
42
737
334
79
996
782
648
232
864
6
389
123
54
762
752
601
970
368
108
994
893
492
702
166
183
351
94
755
592
841
960
633
929
293
712
925
427
711
508
290
716
248
412
770
9
515
722
978
882
182
971
126
25
24
643
208
726
736
962
318
929
921
950
857
213
661
133
639
723
640
280
439
887
44
560
895
558
633
225
792
814
547
917
839
571
912
398
296
647
711
613
927
983
915
784
547
927
916
186
650
908
817
440
794
212
999
689
122
983
265
913
797
811
181
987
733
444
736
29
91
446
993
369
428
907
504
974
834
772
511
483
679
680
274
472
891
272
512
12
606
776
276
402
939
809
740
671
252
475
51
694
920
396
63
699
302
566
25
487
337
535
321
15
214
594
839
457
217
350
468
823
126
744
576
416
552
668
86
803
142
489
497
414
884
911
464
537
476
488
24
165
375
696
531
940
290
369
396
858
719
864
680
196
959
608
611
862
275
48
16
416
888
864
181
771
774
645
660
602
132
35
118
858
730
648
798
371
369
193
229
87
408
908
634
366
515
596
579
789
995
595
557
883
810
89
5
584
733
16
537
217
50
654
74
780
301
871
150
669
416
730
107
823
638
92
541
504
39
119
645
34
65
-18
268
875
641
624
810
374
640
346
942
41
999
367
820
651
238
322
672
5
51
130
827
40
222
367
896
612
838
540
645
902
444
264
128
84
888
937
809
879
282
750
919
632
117
91
635
706
764
306
62
166
787
888
558
360
607
453
972
796
344
968
49
787
232
177
222
471
113
31
701
747
132
971
730
248
61
364
305
176
21
718
694
160
606
251
519
564
55
490
711
398
458
759
536
41
935
757
863
400
787
563
498
919
533
227
518
946
943
175
121
315
244
814
474
849
416
345
764
470
186
474
219
643
585
106
35
871
863
897
270
1
811
119
271
344
698
141
289
640
667
761
306
910
575
132
111
342
476
226
812
661
700
382
656
636
488
42
506
350
939
128
702
749
246
325
444
943
465
732
934
131
845
592
392
419
723
502
112
550
728
923
210
779
305
217
414
792
259
271
493
549
398
546
649
644
870
93
938
686
176
872
168
20
463
560
790
537
413
902
86
140
824
647
270
480
864
35
623
122
306
467
22
703
365
670
698
234
762
636
920
938
859
87
957
-76
998
747
857
411
648
294
902
823
940
172
655
803
558
629
276
863
96
297
918
460
967
615
45
728
602
316
17
460
755
974
780
752
72
988
514
71
633
416
893
573
939
899
375
496
528
3
711
975
299
628
786
617
594
830
345
196
498
713
655
252
686
787
355
109
126
869
179
759
636
72
331
574
970
57
69
849
59
779
823
710
758
608
326
352
790
22
547
287
735
553
890
772
339
244
881
465
464
59
223
99
482
905
672
804
961
93
652
372
871
827
81
981
434
758
332
575
780
230
861
866
782
750
637
121
346
869
937
809
928
511
908
409
415
931
564
727
23
216
98
894
42
530
-73
827
288
557
754
419
786
614
284
567
716
272
39
413
141
975
221
420
837
480
180
251
411
744
330
433
311
779
678
704
309
903
530
948
459
283
366
596
249
1
515
316
272
553
728
764
880
300
183
716
132
363
319
542
106
648
326
416
778
4
119
438
258
1000
385
69
635
102
664
235
454
178
902
78
83
629
841
962
280
24
29
411
738
347
304
843
346
630
610
124
633
80
561
242
431
298
310
417
399
974
651
205
503
552
282
585
532
122
898
164
497
927
574
234
273
878
428
971
859
37
94
491
468
6
84
251
655
394
667
54
719
670
610
221
573
891
158
105
364
55
620
861
981
545
94
606
422
874
576
280
262
21
122
730
378
206
980
33
951
998
438
669
667
47
241
240
937
750
696
300
157
315
512
137
-43
958
94
633
831
669
264
92
41
738
173
419
295
504
451
245
502
888
265
168
286
857
759
222
959
454
873
115
120
385
251
979
342
697
963
524
365
226
615
758
963
140
176
609
643
978
853
496
217
469
16
502
678
774
75
636
580
299
750
699
683
352
29
376
48
991
899
765
569
866
522
883
5
697
492
999
26
696
495
242
165
862
95
842
635
169
829
566
467
578
617
502
929
645
229
329
988
128
93
908
345
614
790
701
662
633
51
687
329
897
928
845
758
22
38
745
542
866
310
360
443
926
861
723
923
90
51
910
569
143
169
913
756
958
965
417
943
15
455
623
912
382
467
21
755
504
765
648
721
75
8
515
352
868
237
274
309
640
535
229
782
703
141
890
13
457
658
307
824
465
929
735
198
395
755
953
250
872
952
322
298
959
836
649
179
424
275
839
63
809
68
197
864
560
438
228
17
95
534
840
911
462
926
109
208
32
61
457
903
364
130
200
323
965
201
853
388
475
691
451
635
110
999
850
670
436
77
38
882
610
877
793
423
154
901
630
185
313
438
440
676
567
991
350
531
543
554
919
17
245
721
4
706
719
853
375
154
930
412
387
891
640
179
314
793
79
943
330
391
733
121
419
299
111
768
182
654
674
452
22
918
172
25
975
242
230
350
747
511
113
133
401
753
312
714
897
742
9
226
485
741
346
903
391
809
22
572
462
695
23
835
964
546
212
939
139
441
640
885
951
752
370
351
856
33
417
753
774
777
978
610
869
676
864
259
484
238
183
297
932
557
131
248
103
342
538
593
134
529
478
84
632
847
787
488
231
203
240
4
331
569
966
199
596
829
809
79
66
343
727
350
900
210
949
354
551
838
946
685
366
775
120
997
973
906
836
203
460
75
559
142
996
524
340
591
704
501
22
770
843
748
471
94
957
771
799
860
608
745
896
325
871
15
321
844
273
509
398
84
583
956
226
930
831
917
521
535
769
894
656
964
641
126
57
950
896
856
161
855
952
56
179
174
422
499
17
46
359
415
130
942
722
355
223
553
623
95
87
392
988
742
-52
981
219
763
282
114
618
442
968
921
497
146
95
270
996
463
316
355
229
-25
648
951
151
222
503
125
317
589
516
656
682
222
636
900
985
269
365
954
710
332
875
558
829
321
828
176
135
495
882
364
291
881
314
793
103
816
917
771
756
785
426
789
6
414
688
990
682
52
296
744
735
522
301
915
842
480
442
976
326
324
339
616
556
4
408
658
171
677
780
278
461
206
66
818
619
753
160
652
156
455
395
890
976
48
156
169
879
598
144
205
273
835
172
828
190
932
838
361
608
617
638
420
822
56
237
792
808
748
796
316
202
542
205
-26
941
713
345
172
310
841
728
582
27
899
761
216
182
598
928
789
567
918
560
388
973
149
532
780
896
679
447
-74
220
4
978
513
716
323
684
377
515
411
310
893
661
70
460
843
20
388
983
586
305
543
325
629
43
208
760
938
886
207
387
458
210
365
322
925
39
5
301
905
767
610
797
779
31
608
621
50
995
956
635
651
850
312
279
892
519
39
181
405
245
920
214
806
636
535
730
674
891
382
930
657
343
78
435
373
685
408
775
32
715
761
682
564
72
313
807
591
351
987
347
947
906
560
104
541
94
833
566
984
566
847
992
908
924
778
632
609
537
406
640
251
167
673
166
238
985
972
828
687
959
174
985
216
85
88
757
530
272
674
865
837
521
208
96
444
986
728
404
874
485
395
125
651
68
642
889
404
614
68
443
924
594
779
139
30
219
895
560
490
921
424
679
441
632
126
884
969
853
640
842
338
34
318
340
453
960
580
209
573
648
3
496
593
781
986
622
999
233
181
841
153
957
519
593
940
996
828
908
201
467
749
890
853
419
229
657
378
809
865
302
808
867
149
400
1000
134
373
998
366
554
838
518
862
708
110
801
704
290
708
904
756
808
793
960
226
373
617
603
181
833
256
340
52
404
739
51
538
464
400
255
369
238
773
230
297
234
30
352
523
89
607
631
896
751
590
474
124
558
428
656
391
684
996
442
87
86
844
976
549
243
231
269
480
355
498
129
940
879
480
463
967
439
445
215
189
34
688
664
944
115
672
334
150
19
127
237
104
970
564
5
212
146
273
44
500
123
172
440
1
3
254
320
441
50
534
982
435
573
997
-23
687
668
711
189
38
837
777
142
806
340
498
18
838
122
61
337
244
584
128
597
938
733
916
731
782
449
712
217
373
60
594
411
80
657
599
117
845
375
610
651
715
459
20
552
581
432
240
176
367
720
124
304
804
39
34
586
839
97
154
211
157
99
622
588
755
220
704
600
947
314
602
661
124
973
564
56
404
155
232
770
226
707
425
30
746
459
967
936
555
120
499
63
570
472
650
325
691
354
276
989
19
877
1
494
201
564
550
604
71
781
725
296
487
149
325
584
959
643
520
514
762
370
576
684
841
578
-34
883
283
635
872
653
863
872
146
63
788
695
18
858
475
94
153
314
594
830
249
553
472
120
418
586
489
345
269
329
922
628
212
204
614
83
856
476
954
2
890
741
696
907
950
523
1000
455
188
593
636
436
497
107
556
914
44
44
259
664
725
532
643
936
736
256
370
943
83
675
296
972
768
344
878
717
866
229
171
405
174
158
840
670
617
395
936
660
791
546
676
515
77
670
802
164
278
171
459
360
197
754
684
964
97
913
33
314
142
555
718
667
713
558
688
329
304
623
340
446
520
15
312
597
37
465
760
314
987
570
25
184
324
708
147
772
621
531
86
114
86
155
780
798
64
819
126
720
794
817
517
313
184
829
909
220
293
21
533
280
590
557
815
265
617
961
37
237
492
474
702
929
980
833
726
44
651
203
115
444
371
631
757
554
459
665
773
104
37
657
735
979
566
549
243
182
861
631
770
704
456
471
632
436
303
709
831
305
263
945
749
634
927
505
187
738
521
312
841
910
968
927
888
533
475
130
66
687
113
835
391
568
657
374
355
311
83
185
616
697
481
364
330
408
220
869
145
92
180
337
1
147
615
240
32
89
722
97
127
834
284
517
753
940
891
108
251
325
644
218
21
477
933
351
236
152
571
732
595
750
420
948
248
34
187
631
474
908
80
600
93
363
117
846
654
359
305
256
683
300
473
703
776
405
405
363
908
975
94
503
76
513
450
676
546
988
306
371
896
385
971
340
99
439
185
753
797
841
8
831
141
481
533
268
237
290
631
145
616
76
999
44
589
448
719
486
787
24
857
34
-65
179
374
859
617
910
611
-44
103
619
243
243
451
127
862
687
768
844
831
384
920
829
779
860
628
497
697
767
872
905
800
632
83
173
843
699
435
805
463
537
775
57
131
225
536
992
264
655
188
94
390
107
275
168
318
254
664
14
20
888
919
820
871
353
344
713
404
130
518
218
666
292
627
796
869
162
140
132
168
327
577
558
785
851
725
102
457
741
467
476
628
385
647
498
90
343
563
493
472
432
62
490
75
688
637
943
849
128
74
17
454
651
926
238
853
650
691
661
742
158
137
369
894
135
219
983
829
781
827
653
212
889
142
286
576
130
581
777
258
6
145
711
8
70
301
861
71
343
873
813
500
361
533
394
496
751
728
676
883
907
328
446
795
821
84
722
951
664
850
208
669
994
270
677
415
922
889
486
265
761
650
116
474
182
509
969
933
589
996
815
495
324
613
641
496
696
714
798
359
564
5
379
909
627
407
324
900
647
161
516
760
162
632
233
343
140
553
627
80
548
794
926
223
406
566
719
101
280
516
811
195
873
541
103
851
948
778
750
946
290
266
705
451
897
937
794
388
841
420
820
389
213
745
611
970
311
681
70
942
549
232
136
421
773
590
623
72
720
724
17
9
989
74
460
237
362
605
977
203
376
796
591
941
540
553
910
202
586
332
495
134
915
982
906
687
924
528
110
643
251
479
651
592
552
462
180
913
418
508
115
794
655
57
86
547
962
347
748
547
678
595
32
945
576
937
983
499
816
93
493
418
571
144
361
474
957
893
386
375
400
853
520
55
261
957
601
222
303
700
120
333
294
151
277
222
439
259
720
606
351
213
24
273
708
736
746
16
628
484
742
28
688
613
82
948
569
682
170
872
381
641
204
27
792
832
248
582
90
319
188
793
883
563
65
942
298
163
958
926
998
699
953
685
312
386
632
880
419
153
103
151
794
658
177
937
489
776
518
931
95
705
-22
977
619
139
919
917
653
228
842
650
926
146
334
589
531
318
821
301
470
275
451
615
933
628
551
773
403
421
703
849
477
425
178
96
916
448
12
568
675
205
570
952
702
903
541
232
572
713
884
394
987
334
8
919
313
911
44
68
331
746
916
807
523
93
902
790
540
265
357
566
469
926
518
522
181
410
105
752
122
988
145
108
322
505
379
634
415
774
53
745
519
969
903
393
413
805
182
305
421
539
870
242
816
739
763
348
148
868
452
269
855
948
729
176
452
459
162
218
232
214
962
102
534
217
495
947
21
676
603
793
566
824
34
734
563
797
81
710
664
532
331
870
832
411
46
283
869
559
501
452
772
814
553
658
30
399
956
402
427
558
195
992
381
228
77
295
376
510
357
391
41
687
261
224
97
306
507
317
216
359
120
339
524
672
996
906
423
951
659
849
508
853
840
241
433
269
535
160
778
891
551
170
929
811
394
377
468
252
45
683
610
164
21
485
188
17
742
610
967
401
458
827
605
297
419
389
565
953
549
342
196
99
512
476
909
257
853
376
508
897
410
117
413
430
953
600
446
695
209
765
95
666
591
699
962
361
88
879
665
988
572
860
86
435
688
346
691
892
721
198
140
130
666
552
911
971
151
709
665
359
473
111
24
415
161
338
775
600
568
439
587
491
651
24
278
338
369
968
581
-45
518
720
922
535
272
833
857
422
541
873
133
365
983
508
779
496
845
905
95
764
695
34
255
345
57
532
34
778
851
614
218
720
334
492
607
957
676
463
730
216
336
862
932
670
370
710
165
566
966
612
682
660
645
288
5
53
171
390
182
373
4
752
93
689
243
699
997
918
513
726
485
848
588
416
870
309
477
34
226
442
645
259
101
641
546
457
46
716
199
227
441
554
978
533
242
572
583
238
489
447
315
325
647
254
740
516
914
216
549
140
9
546
750
462
538
296
270
583
363
468
810
803
21
139
687
614
63
621
203
551
68
518
228
714
771
967
229
685
535
129
176
895
674
925
356
564
572
626
146
287
445
307
441
466
798
480
431
860
100
634
762
167
503
989
232
273
308
460
309
194
941
484
88
966
761
796
529
332
773
675
970
217
981
411
34
778
890
465
989
341
450
751
508
952
739
739
576
46
551
885
239
491
368
679
456
-27
474
337
812
598
11
133
814
343
543
200
-20
784
16
461
125
465
211
984
768
302
722
343
347
624
227
938
466
947
968
274
-42
441
610
589
38
620
722
203
314
616
402
786
752
417
599
876
233
161
859
352
462
932
695
161
908
273
98
373
571
65
646
349
857
255
289
246
226
10
448
892
978
202
29
729
970
627
956
555
788
166
906
601
449
952
761
356
225
858
729
795
274
726
495
130
333
784
727
910
145
175
801
474
728
830
202
697
808
509
603
947
674
509
548
123
460
308
478
684
166
558
831
791
636
677
273
968
460
999
229
957
173
30
430
252
211
632
949
18
492
551
317
166
411
864
640
871
171
469
906
688
379
88
479
14
117
751
333
576
101
561
532
274
942
962
877
152
945
825
522
788
728
838
953
490
701
944
360
223
413
618
911
143
57
741
156
173
843
840
101
943
400
632
568
694
945
445
845
241
621
718
29
700
907
333
190
959
629
901
182
393
870
444
535
927
536
690
99
378
529
551
672
280
535
592
973
479
36
170
72
656
239
452
708
146
136
897
104
764
149
637
156
19
432
690
945
967
731
395
696
259
298
368
891
832
959
863
662
346
384
733
353
623
536
60
768
672
308
223
435
457
860
943
827
291
632
123
610
363
869
305
973
166
24
863
997
982
78
659
679
461
391
32
435
927
443
202
950
751
777
736
559
636
678
385
278
310
507
887
24
375
192
348
541
567
563
537
549
992
547
227
804
938
610
239
216
53
792
517
803
568
252
713
555
930
97
833
591
955
71
614
329
614
313
221
181
875
110
81
866
656
659
670
945
269
260
160
673
51
28
827
619
280
539
173
209
635
357
151
589
780
116
269
393
428
490
925
655
599
5
520
606
664
541
551
284
800
710
956
203
90
782
821
369
672
345
929
658
702
79
598
833
194
866
225
621
707
150
275
657
506
147
263
521
39
813
156
191
874
-69
393
963
244
213
331
267
909
611
924
962
689
521
794
882
739
19
855
445
520
481
102
377
627
716
898
18
528
53
208
753
516
600
716
111
164
398
378
72
9
653
34
49
174
827
931
912
197
137
708
68
617
809
445
244
876
694
261
403
98
820
508
965
419
575
76
934
324
805
5
684
457
38
733
982
217
15
893
765
151
601
833
767
761
629
362
637
674
622
391
771
793
250
88
211
824
163
144
148
319
501
831
127
890
915
109
106
929
353
223
79
305
55
846
418
35
207
54
708
181
796
830
973
398
917
536
221
431
31
720
101
531
903
228
773
817
336
230
746
40
452
824
345
858
21
762
892
228
167
951
760
314
133
732
711
49
619
284
832
650
3
932
532
905
159
656
722
846
886
819
238
689
642
934
547
15
695
790
242
213
-49
353
526
225
84
589
625
55
872
456
56
874
740
587
131
250
595
852
448
480
670
-41
168
663
618
66
677
664
856
270
228
948
622
753
524
58
693
148
112
564
956
167
790
695
105
920
944
699
771
743
530
792
427
50
806
396
115
835
411
322
456
638
269
78
743
792
487
435
292
950
999
247
116
140
293
572
59
588
623
181
331
504
324
109
553
129
505
668
315
915
989
771
905
610
200
647
753
686
81
44
635
431
642
102
570
934
25
628
522
647
160
852
503
483
960
55
964
816
74
278
83
415
48
987
376
247
633
128
284
65
172
918
496
813
371
65
99
748
45
620
394
204
823
248
39
782
303
2
950
728
279
384
142
679
370
517
925
354
645
209
770
168
478
265
332
201
682
430
948
78
401
693
633
223
941
-24
357
595
672
306
322
303
689
464
981
410
332
257
115
328
817
884
495
647
501
179
847
534
960
146
611
361
190
243
935
130
266
291
724
289
948
398
591
988
213
923
749
544
180
863
872
348
99
718
994
951
248
192
484
208
689
94
920
879
688
206
360
305
497
436
594
796
833
536
784
45
459
532
588
990
747
811
689
197
529
35
147
128
226
982
335
267
427
606
145
114
812
504
771
660
939
364
455
123
899
590
167
709
474
107
50
572
269
91
120
797
125
618
925
350
599
611
616
25
569
112
490
732
616
260
391
906
975
197
29
226
139
547
286
964
5
688
535
274
778
654
422
902
623
698
603
221
309
219
597
229
682
438
960
297
50
702
555
376
898
935
601
388
833
239
351
838
926
885
111
703
890
532
604
864
582
206
-61
890
776
32
470
458
822
429
106
223
130
12
598
379
298
551
767
131
789
117
968
714
354
430
768
595
313
371
459
894
928
246
135
56
278
604
865
451
32
322
673
513
334
270
892
631
820
658
761
608
126
80
673
831
861
440
778
174
162
588
67
90
833
554
497
462
157
361
912
541
682
584
53
367
206
944
350
377
953
462
337
431
542
9
613
402
801
390
927
962
977
346
403
162
899
899
623
407
611
535
947
645
470
1000
363
675
295
712
404
600
174
740
382
67
100
994
820
900
736
747
214
64
92
616
225
342
867
848
748
829
382
47
473
203
398
836
230
692
899
633
643
424
724
376
490
823
370
662
75
457
408
288
520
851
903
745
544
121
592
291
950
325
337
774
527
86
609
756
778
860
740
772
283
463
148
773
638
869
434
712
325
193
999
844
395
253
588
290
726
531
580
675
855
269
448
734
354
409
841
483
268
581
607
550
395
754
674
32
622
459
743
298
3
93
141
397
698
81
686
423
611
618
449
466
238
248
551
943
8
391
778
275
971
736
177
718
489
202
749
462
661
844
759
15
936
251
764
985
331
801
759
942
770
207
759
359
807
309
654
814
51
431
441
22
166
617
91
6
170
839
819
182
682
929
197
970
179
960
306
862
760
65
803
530
623
913
888
429
573
541
243
623
323
683
996
840
651
86
197
820
925
15
354
958
295
550
279
826
861
585
687
620
1
841
501
623
105
389
52
677
281
294
299
956
328
647
795
978
732
992
149
8
358
502
318
5
403
596
830
263
532
868
235
532
708
735
155
812
475
206
840
108
851
138
63
530
784
209
859
868
552
7
875
910
861
192
266
615
140
95
230
671
314
464
555
21
198
709
184
25
266
23
132
468
512
194
997
648
754
855
867
306
213
741
567
425
285
832
392
776
278
621
798
591
84
352
963
633
412
146
657
677
520
788
496
383
333
844
382
87
50
248
744
615
341
310
391
625
141
782
752
418
402
549
360
485
901
322
470
312
819
126
341
338
266
188
-51
950
32
102
388
433
701
131
47
41
440
438
665
580
219
768
349
973
317
708
809
569
381
278
880
199
404
572
536
669
112
608
970
143
61
358
575
761
488
974
802
928
411
818
859
981
586
208
953
254
267
762
822
648
39
53
846
794
625
734
814
736
693
784
230
753
141
156
865
980
129
666
907
891
836
118
224
773
677
528
26
943
289
847
942
680
899
140
473
875
873
639
610
565
422
191
669
914
347
533
893
827
551
152
70
386
269
645
158
945
172
535
239
813
381
181
492
631
672
316
506
544
954
467
460
727
658
480
992
356
12
885
534
914
388
955
651
656
599
160
952
771
694
190
583
74
722
426
705
393
741
562
288
47
28
747
125
685
578
117
392
942
353
926
855
740
880
506
747
831
665
50
601
359
239
535
784
961
960
840
705
52
401
993
450
429
91
575
465
669
43
857
610
395
134
464
486
365
321
584
195
338
633
147
48
223
681
831
535
992
671
240
396
423
584
845
851
674
771
668
342
813
524
951
559
9
767
396
373
439
331
920
776
315
418
823
538
451
6
424
442
28
15
837
450
598
34
653
272
804
320
613
617
195
916
527
203
34
923
927
472
253
846
248
568
616
422
457
66
427
880
859
454
895
48
256
492
81
908
115
884
227
80
852
773
995
379
975
28
653
253
851
905
451
450
824
66
872
280
131
650
512
989
456
758
36
711
601
468
970
716
352
548
795
555
320
141
933
294
520
585
546
370
842
996
172
665
413
43
297
543
44
160
884
499
269
919
561
869
739
530
936
90
-37
82
644
396
222
929
41
93
865
939
815
706
286
986
723
699
380
371
241
423
882
476
274
150
747
834
370
485
716
306
574
792
739
569
540
313
849
580
405
714
518
571
771
156
556
845
854
935
215
446
358
448
922
631
597
668
816
319
152
531
976
77
323
714
645
214
378
846
793
783
559
663
353
329
818
261
174
23
195
740
468
904
188
389
886
136
408
702
454
559
232
781
635
906
495
632
471
872
477
264
6
35
278
711
715
447
971
240
821
517
332
288
421
871
29
306
358
436
7
164
347
591
944
981
848
790
964
319
14
440
934
19
826
563
81
893
361
403
484
181
920
815
820
340
37
200
997
395
636
356
558
334
298
853
666
497
643
630
167
656
421
452
26
247
14
107
491
726
861
974
906
780
789
78
471
177
277
820
571
264
175
480
597
472
333
615
320
327
244
487
982
664
938
359
262
304
465
752
29
326
78
287
457
866
364
280
394
992
99
965
608
273
796
556
96
128
170
767
806
413
253
787
429
191
498
42
494
962
794
874
639
871
160
448
88
875
727
833
219
177
797
826
801
593
381
248
72
551
14
230
315
267
368
95
809
865
137
654
179
282
527
169
504
39
616
943
913
694
775
483
870
924
308
22
868
41
269
291
943
283
520
609
549
888
704
357
752
192
362
930
473
888
99
328
926
66
270
191
112
396
25
333
319
333
355
186
725
623
477
667
905
348
275
805
235
330
513
987
521
874
268
345
114
718
672
39
784
293
581
247
689
-35
579
359
290
933
545
14
908
373
32
812
720
658
969
307
988
481
293
508
707
912
205
820
630
876
210
765
169
791
11
209
748
589
567
389
874
463
754
781
187
785
944
907
794
912
565
781
745
857
641
803
120
845
622
749
72
831
865
592
973
875
800
720
816
719
460
41
533
213
821
720
997
116
978
791
380
542
923
124
750
915
926
869
759
899
970
183
729
834
774
702
61
926
773
876
644
233
916
176
445
88
247
794
203
224
936
582
765
210
-3
514
125
334
383
883
232
704
417
961
537
191
14
597
468
138
824
111
722
91
638
519
178
237
664
733
460
599
666
225
808
723
90
932
56
472
167
288
175
583
600
64
125
613
12
592
102
836
54
824
278
44
342
456
280
5
540
739
955
205
315
114
927
405
398
335
228
916
622
755
498
573
818
975
185
829
566
638
16
972
813
294
15
154
101
294
510
640
384
816
844
699
930
123
103
327
457
330
242
430
84
91
2
253
417
538
82
983
175
97
306
988
742
320
493
842
965
355
481
348
170
677
46
451
799
500
129
255
182
722
684
617
813
685
870
229
574
303
563
748
399
868
735
141
539
580
334
503
934
815
851
455
491
248
906
289
100
34
895
281
756
930
897
920
966
766
500
539
68
415
638
819
282
725
311
173
304
644
675
589
810
877
43
300
477
948
940
576
334
186
856
441
467
104
360
784
222
211
322
641
625
960
459
259
684
121
431
339
117
457
927
278
334
969
930
810
269
221
737
602
407
592
394
225
47
753
9
268
963
330
909
940
641
719
198
676
192
628
14
308
84
940
937
769
261
866
930
529
87
666
482
845
609
875
69
656
979
77
923
293
759
831
232
751
902
781
427
93
760
440
752
196
732
688
964
992
554
894
872
992
911
705
836
520
931
904
175
261
333
97
553
443
280
137
193
533
917
619
625
29
411
728
224
142
767
187
485
672
432
708
663
343
764
498
862
694
754
388
954
438
484
858
880
115
346
72
647
615
691
623
643
453
350
866
594
469
404
430
140
188
489
803
530
252
652
743
297
757
130
602
194
965
459
73
432
157
497
78
771
539
53
765
991
754
982
936
222
385
717
362
572
205
516
453
456
519
195
752
276
676
353
821
641
163
246
72
671
742
501
793
280
553
557
622
307
538
557
880
275
273
241
198
829
756
651
636
627
197
387
902
873
91
722
865
605
319
288
276
60
140
68
691
45
977
312
351
866
220
582
492
844
823
690
672
930
340
307
556
888
45
809
112
487
883
976
92
201
615
719
261
755
138
303
151
466
967
853
332
538
434
175
382
256
864
53
538
555
712
93
443
108
902
906
595
784
882
686
336
848
756
948
954
893
251
104
711
569
956
42
106
390
216
487
997
432
892
534
986
955
979
780
62
880
686
656
15
919
693
350
118
448
650
72
693
900
527
403
820
835
796
925
224
363
412
572
146
655
106
132
609
84
263
22
315
300
678
681
570
722
382
688
170
31
111
214
282
637
968
101
471
115
378
46
477
141
618
623
795
75
106
755
158
720
776
824
20
805
856
589
527
237
276
48
620
386
261
253
375
580
354
197
694
83
243
522
223
212
144
17
286
601
123
795
321
898
970
692
703
825
280
581
413
908
628
384
645
240
637
19
819
342
216
512
424
810
33
646
21
529
14
306
129
136
100
801
385
69
492
439
245
124
19
657
31
646
41
27
885
29
46
703
370
613
566
793
774
599
790
794
479
803
451
959
938
902
760
322
322
251
761
566
374
131
574
756
777
966
783
661
994
180
716
363
144
281
507
917
231
296
710
61
450
512
20
387
413
779
61
734
381
173
651
107
303
224
214
79
190
348
92
183
527
159
898
670
791
404
938
374
52
999
434
501
510
805
240
274
935
300
7
668
824
657
774
126
233
339
557
422
687
1000
956
213
510
853
235
300
609
524
25
12
523
811
512
384
615
103
658
550
754
16
217
577
673
342
55
257
680
611
30
718
962
985
283
471
190
869
122
150
392
147
161
266
957
24
650
923
479
659
472
232
674
40
809
698
733
863
954
765
825
983
482
138
320
764
608
861
632
729
10
24
227
522
641
183
897
290
106
375
948
929
959
974
321
767
671
53
981
625
817
157
959
299
294
278
414
253
138
46
333
499
421
560
372
61
94
621
703
551
347
2
832
305
975
152
423
998
204
403
622
373
911
932
23
204
210
436
808
699
833
141
550
605
700
273
18
145
893
72
696
240
73
527
544
400
30
319
397
233
73
370
957
984
301
331
539
862
767
347
913
951
487
814
908
538
86
925
682
979
996
729
570
420
255
465
171
284
783
919
869
856
640
177
839
293
508
729
506
626
-79
418
928
913
583
835
450
669
759
484
999
106
212
920
878
819
384
48
102
519
319
322
374
958
499
564
250
358
292
756
983
719
525
910
631
108
97
433
128
855
916
478
313
479
397
190
297
780
589
399
298
907
72
23
217
922
586
466
279
230
573
613
300
98
523
930
557
619
714
684
825
981
161
489
460
909
678
756
40
619
506
338
877
578
712
93
499
650
559
130
879
483
742
178
580
616
459
136
586
525
171
411
505
683
251
964
591
929
72
631
899
577
320
775
154
383
868
5
32
778
134
910
260
227
439
192
843
250
679
428
774
202
190
630
884
441
594
827
721
17
809
619
593
128
393
99
510
612
103
894
389
588
155
1
814
594
192
656
195
222
436
320
423
625
949
307
65
894
485
785
910
293
755
503
772
500
953
281
111
407
526
852
-36
681
852
159
274
395
167
820
616
602
139
39
578
439
697
643
333
181
779
594
473
886
448
244
385
400
876
495
806
402
698
151
82
901
310
707
295
476
878
263
429
16
653
6
806
349
1000
138
881
131
84
353
16
531
948
400
931
175
246
88
576
944
239
9
844
900
67
491
727
944
753
155
311
757
160
117
105
512
606
985
642
689
689
657
220
988
408
502
162
653
589
90
948
179
450
144
78
517
634
804
812
738
310
123
494
822
239
950
333
844
286
974
533
974
982
104
313
741
605
826
393
193
915
693
724
365
836
801
233
821
957
44
558
266
518
51
87
108
352
419
304
637
744
836
962
77
291
274
817
895
99
562
439
366
254
162
82
441
315
314
261
271
709
170
536
227
220
623
686
923
393
989
559
489
176
520
565
466
145
734
360
243
295
151
960
900
312
41
340
626
706
952
248
415
121
784
993
692
758
30
614
150
19
172
990
194
43
555
660
187
640
371
781
934
521
741
185
185
133
524
162
839
827
410
605
947
545
949
990
302
978
603
803
996
126
793
190
520
699
201
706
690
923
838
623
796
930
807
980
63
682
493
901
860
254
857
158
798
805
147
451
134
101
254
130
578
398
671
97
448
223
154
137
145
991
111
940
921
269
271
983
950
116
235
161
369
443
318
519
599
464
969
732
564
574
213
141
323
235
237
122
457
390
258
602
732
720
893
652
988
164
986
289
279
572
449
999
366
766
517
964
229
486
696
144
411
908
636
734
143
224
855
951
965
465
904
697
184
797
700
524
312
38
812
590
961
613
940
327
378
457
642
959
294
337
454
56
597
90
789
91
665
996
41
630
460
945
678
995
93
729
870
404
766
34
345
79
646
284
757
375
92
398
685
737
87
139
793
683
580
581
125
596
576
165
577
387
461
254
734
553
983
603
308
100
636
652
530
281
288
286
8
379
36
692
116
122
182
908
804
113
840
928
709
768
444
285
154
257
891
239
161
225
842
469
676
829
120
206
462
407
843
469
138
878
512
253
999
694
512
154
158
351
433
866
118
229
503
624
485
393
214
645
969
55
113
644
884
585
201
697
991
396
165
480
273
676
732
624
721
243
129
879
946
562
96
415
790
598
38
626
342
252
270
662
658
735
306
893
319
858
589
661
253
105
141
878
781
224
501
853
819
629
731
764
542
827
530
683
776
568
308
470
171
930
131
180
664
788
73
334
646
13
346
898
118
838
775
250
62
627
102
232
608
185
995
149
363
524
832
490
443
491
959
965
420
90
145
83
-2
569
768
522
581
114
772
50
951
546
651
364
525
105
595
132
289
941
280
3
817
463
492
259
954
451
576
725
892
720
160
768
640
927
642
220
40
765
622
343
662
272
706
186
376
301
317
16
241
949
18
57
763
510
668
68
312
595
793
203
666
952
322
305
230
315
876
622
79
497
964
741
769
21
926
496
321
595
512
914
895
529
322
657
390
341
77
701
935
221
903
600
172
577
904
753
891
780
374
970
628
689
62
748
710
987
244
382
933
755
647
827
283
321
836
673
661
912
725
948
132
628
547
655
556
803
759
446
934
485
767
913
173
828
661
234
167
904
968
99
658
614
278
292
934
113
316
947
376
41
894
859
20
792
865
575
946
623
372
231
107
139
144
632
966
804
865
132
707
832
231
716
798
508
359
83
972
675
29
699
67
274
557
86
418
421
12
363
395
383
946
502
521
89
133
839
244
349
970
302
181
552
17
330
411
375
412
382
401
793
432
467
66
988
904
483
760
915
198
155
298
143
8
170
231
140
8
826
840
978
127
372
529
143
701
292
869
465
25
622
257
457
88
322
444
992
157
204
258
706
710
555
848
717
725
430
208
732
255
47
61
733
419
942
875
471
233
95
935
257
68
191
713
156
865
509
499
373
64
756
78
773
663
277
841
739
58
48
470
312
446
883
44
216
824
270
687
56
716
621
312
784
164
377
291
28
237
141
752
300
248
829
424
262
457
264
1000
514
663
822
177
108
704
572
324
527
193
10
582
260
982
245
43
145
973
685
524
209
177
627
508
425
807
931
686
263
546
686
776
208
859
304
316
562
875
639
88
67
1000
21
327
333
617
721
478
590
758
353
150
934
980
10
358
786
292
396
401
838
433
176
45
291
832
712
204
706
702
643
125
53
663
803
386
631
523
215
572
280
567
722
566
898
83
275
36
374
670
436
211
454
963
608
744
794
671
299
852
373
941
976
425
955
778
162
586
652
376
509
284
295
582
849
192
664
123
579
38
793
366
600
598
329
559
342
474
230
992
325
954
933
652
730
887
781
892
824
433
267
333
716
561
914
564
105
578
38
683
615
182
49
566
780
729
125
473
554
354
464
879
659
396
882
388
283
663
279
458
95
546
790
162
458
704
77
562
633
114
597
247
296
997
164
75
77
288
547
630
993
10
860
3
758
742
391
392
404
669
849
850
566
639
11
376
694
87
289
326
200
885
924
847
233
87
921
309
727
467
939
71
829
798
74
586
891
464
977
294
484
825
495
50
815
505
777
508
943
65
833
495
302
756
341
534
195
262
195
921
80
485
991
260
634
64
845
525
879
173
170
363
998
665
764
812
169
892
672
464
956
504
958
257
612
298
143
806
911
689
726
991
173
68
250
806
484
447
682
362
619
852
76
968
516
191
132
36
82
803
499
390
306
808
646
269
106
140
74
16
828
151
358
352
219
960
510
702
406
191
415
376
394
843
344
909
33
475
297
467
629
147
856
286
955
501
555
60
993
628
427
172
779
137
524
349
96
385
50
853
575
816
580
321
658
923
229
691
749
877
157
377
24
12
663
978
864
217
389
208
196
167
380
326
303
255
674
398
639
75
602
565
891
182
885
548
456
466
590
557
342
746
933
717
109
947
46
325
515
434
532
711
601
263
388
903
517
62
653
507
136
606
424
378
139
308
926
947
125
515
503
819
613
787
535
73
86
581
397
600
366
281
662
318
543
50
573
412
463
225
270
950
182
693
328
321
-50
605
619
477
119
121
295
83
259
182
156
344
114
552
296
479
184
957
149
727
358
721
490
172
297
759
122
478
452
801
150
804
405
768
632
875
240
279
958
499
460
465
194
925
368
489
755
552
798
903
278
155
623
767
327
919
877
800
749
328
600
898
483
356
18
115
230
257
393
539
107
204
3
301
128
371
789
882
922
586
137
551
93
759
669
771
30
545
570
778
225
521
27
707
876
396
821
105
653
213
996
111
768
998
763
895
720
552
129
641
489
617
543
933
727
563
703
756
460
624
885
684
144
264
390
19
659
563
476
663
127
471
774
895
820
536
141
540
439
621
532
280
237
75
564
964
989
267
719
448
242
956
483
386
219
225
756
229
787
583
892
265
53
17
159
873
904
652
412
695
272
295
326
509
721
889
472
710
507
190
509
749
497
992
486
67
568
241
296
706
824
539
970
228
907
481
452
810
132
863
856
403
510
181
911
230
70
382
939
576
924
800
676
772
143
161
839
710
402
486
415
577
24
736
804
282
216
256
443
347
470
299
102
979
479
364
561
900
746
499
828
21
650
503
792
792
664
630
853
417
467
267
993
490
355
148
771
570
755
566
269
225
864
722
555
694
85
115
594
182
966
773
202
615
275
346
407
290
327
259
706
794
878
50
283
584
198
406
153
952
971
773
528
186
494
83
879
931
549
824
112
514
596
666
481
223
11
887
512
337
497
218
130
726
267
765
309
816
522
814
768
844
938
295
381
784
729
259
714
278
435
825
791
382
490
271
604
852
509
116
189
358
685
670
435
303
786
96
119
307
909
886
502
198
532
882
981
261
493
694
538
927
871
680
660
712
951
264
564
811
731
104
168
767
773
955
69
559
50
539
217
310
776
71
507
308
952
488
568
796
533
457
722
755
136
382
819
86
997
382
249
79
485
416
845
609
722
265
-1
771
804
88
80
579
158
939
238
461
778
805
257
310
261
330
417
749
63
235
186
59
968
434
137
804
202
333
412
923
598
283
694
753
370
125
331
879
63
921
339
840
725
947
502
338
277
270
438
339
504
623
398
823
57
886
626
258
571
389
532
168
671
225
272
392
702
954
-63
764
874
961
956
951
907
809
288
535
78
725
874
933
699
623
755
755
508
732
364
78
472
-39
597
495
472
868
886
173
174
508
289
47
820
596
997
78
404
636
613
833
712
486
765
411
108
871
517
967
954
881
397
425
776
993
919
247
213
157
772
386
16
412
784
835
7
781
264
762
768
876
594
480
713
710
890
820
932
406
139
885
638
535
661
413
879
580
12
-54
88
135
828
103
546
612
289
904
744
552
665
511
428
610
990
140
319
231
312
250
989
450
486
626
336
146
391
214
77
754
305
164
888
484
618
785
95
906
40
838
458
704
701
237
313
690
376
983
273
39
584
261
840
421
238
175
566
628
389
995
733
45
510
972
528
128
756
975
33
795
164
842
850
864
78
514
906
806
848
178
196
431
790
36
851
27
562
769
7
950
115
739
346
624
711
874
103
818
200
488
965
363
329
814
579
407
680
836
564
527
13
759
310
802
794
512
180
708
632
186
657
746
925
3
370
987
228
824
804
779
311
768
141
640
934
71
398
965
906
961
843
270
71
152
423
217
16
603
924
647
788
580
393
64
934
114
50
513
937
206
291
248
325
784
239
610
206
636
926
112
948
769
381
18
272
804
586
287
758
509
934
545
441
678
961
726
791
362
239
79
919
881
326
244
664
916
205
870
551
131
333
850
899
713
220
170
868
805
809
625
314
742
522
754
771
834
479
561
195
69
991
114
950
317
709
965
584
913
834
135
43
166
336
293
231
555
815
450
360
623
75
25
716
948
778
486
781
608
398
975
29
388
440
978
56
148
942
640
413
128
126
455
645
461
748
875
368
914
677
727
536
751
103
251
50
880
88
830
839
485
156
867
224
948
196
280
95
490
271
507
617
396
314
613
208
413
840
575
326
516
653
213
618
755
463
667
986
550
848
177
386
355
395
609
302
943
240
749
432
510
255
400
905
920
12
465
684
851
391
9
366
396
221
983
502
35
1
840
936
848
16
673
203
762
282
504
704
521
252
487
383
859
886
639
130
250
103
814
100
846
174
818
241
747
152
742
781
153
581
69
352
948
741
554
62
374
410
765
247
13
252
629
223
489
267
353
738
370
166
190
567
691
359
807
437
510
900
570
14
833
638
366
780
730
271
841
104
680
958
350
45
561
978
267
49
244
619
139
965
136
680
531
827
38
689
615
547
589
184
561
421
173
278
552
903
548
745
6
228
702
707
272
614
684
890
14
279
509
152
596
996
183
126
174
-72
167
789
119
755
324
31
175
497
308
78
399
855
822
756
434
875
462
57
488
497
947
502
127
807
5
722
802
188
200
976
759
366
116
877
472
439
907
646
287
214
75
37
421
897
792
206
771
605
263
611
453
209
464
580
15
820
301
168
7
852
495
766
217
962
994
688
401
901
685
39
466
112
76
238
8
219
444
130
824
706
92
628
266
555
207
632
375
860
799
733
711
646
850
280
607
844
319
359
96
4
398
561
115
473
151
474
43
594
955
866
651
47
494
916
953
52
547
679
911
697
412
974
342
613
253
949
456
571
307
903
926
56
816
392
528
966
217
923
559
172
788
209
570
633
476
522
37
22
201
947
718
964
272
412
576
524
360
384
95
18
286
372
74
101
764
953
66
980
875
976
503
15
536
72
999
11
946
35
384
146
334
102
461
605
865
36
481
224
771
927
593
57
298
18
509
413
971
575
745
197
902
247
563
438
671
562
448
616
948
832
761
281
285
573
238
149
608
718
724
379
644
668
787
941
686
295
706
656
221
450
204
123
696
767
560
366
328
359
333
275
542
93
908
826
665
497
326
625
214
401
355
857
69
493
149
754
787
206
761
360
655
316
482
703
82
393
420
761
751
753
388
293
197
295
470
214
791
148
838
356
900
544
564
968
36
64
73
174
270
185
533
924
501
366
626
582
758
398
343
861
150
82
153
698
376
974
911
518
473
748
225
373
643
788
692
30
851
765
204
120
949
88
396
801
454
373
383
211
770
77
71
271
158
575
969
885
901
879
754
373
979
978
745
621
117
789
651
967
553
206
439
853
293
186
654
746
558
388
309
680
464
379
950
-68
306
918
857
206
149
610
930
479
939
27
99
55
815
101
373
367
658
163
571
303
348
576
48
258
963
708
937
426
439
886
398
744
156
606
301
656
215
230
134
505
256
584
559
70
37
284
788
694
446
359
996
146
286
396
403
249
455
339
26
893
576
424
636
83
381
288
738
596
518
871
452
773
807
11
195
843
646
982
888
443
692
236
588
978
631
342
226
85
680
603
330
608
26
317
690
759
605
780
706
122
2
157
894
808
519
440
650
164
422
538
607
465
125
546
442
755
888
19
191
-11
622
520
526
999
189
568
757
793
347
462
914
348
971
159
508
489
599
157
653
372
46
611
836
170
156
630
276
395
1000
819
314
973
690
191
972
878
110
80
670
808
894
935
156
864
94
15
704
44
171
708
415
569
318
602
90
826
231
718
220
231
536
885
555
577
428
878
807
889
958
476
697
203
763
204
418
856
218
121
899
740
829
665
308
498
266
750
675
849
467
247
431
354
-19
985
282
910
863
88
799
172
564
495
726
326
50
495
533
267
615
783
6
795
799
666
645
64
415
319
264
233
565
694
938
48
31
219
957
893
307
107
416
222
953
141
899
2
635
783
268
601
565
626
748
715
291
744
130
57
62
394
289
627
439
226
26
469
796
982
713
102
441
480
675
745
972
573
747
958
707
366
911
623
991
658
337
281
753
467
337
814
860
977
792
650
202
817
119
998
151
183
451
591
663
126
335
986
50
433
944
757
799
854
379
789
863
68
422
615
534
758
428
745
87
572
394
288
388
864
637
538
399
440
480
413
917
167
398
318
599
341
426
397
546
157
538
408
224
-32
374
757
68
154
501
154
725
246
794
112
110
782
2
860
573
481
272
841
647
669
159
246
362
584
994
907
740
531
315
963
841
40
71
261
193
923
766
917
169
911
381
630
45
382
489
617
214
760
458
861
780
968
458
141
903
803
48
995
686
714
309
878
753
380
138
298
302
256
214
822
166
946
803
210
679
643
179
893
754
988
105
534
307
914
674
209
716
73
203
401
786
512
279
891
891
768
188
544
23
753
718
541
51
872
750
729
515
280
621
268
619
725
801
925
638
827
134
706
899
688
106
37
199
736
279
441
504
466
337
878
570
54
418
620
277
520
701
791
799
321
59
770
398
211
694
387
37
179
92
288
-67
550
324
65
637
954
506
140
771
194
18
340
599
435
312
875
954
12
666
105
684
76
874
433
286
567
820
675
98
263
962
964
164
637
28
801
590
885
292
360
78
309
51
676
96
714
551
401
725
568
505
761
643
730
193
928
649
364
954
746
979
915
709
142
903
736
294
844
973
586
203
50
246
606
78
341
319
980
94
396
547
598
508
189
680
700
468
328
416
422
73
394
688
133
887
591
220
181
434
192
118
989
594
363
946
23
56
264
2
149
11
548
98
518
88
129
570
907
456
985
328
880
378
368
364
264
958
584
796
743
127
913
83
720
628
28
742
683
644
95
183
654
994
632
524
81
761
93
340
216
429
19
448
806
386
811
421
695
394
217
438
873
129
872
592
108
900
686
790
895
780
324
900
126
956
423
558
716
867
897
283
295
916
730
452
301
893
873
348
286
89
785
158
569
8
102
677
907
139
818
801
270
142
701
395
449
475
953
164
694
849
446
988
116
528
440
769
420
664
116
57
104
252
215
24
259
668
52
518
806
870
670
427
363
722
822
811
197
126
326
890
326
771
229
442
298
20
210
717
683
677
126
786
928
692
810
186
359
861
55
516
82
725
942
796
446
115
606
994
592
931
235
918
54
816
711
703
835
920
772
870
596
897
655
875
588
816
412
946
29
467
813
110
191
106
906
988
573
863
334
164
146
920
81
199
735
791
901
922
62
24
791
9
920
797
883
507
613
295
804
993
113
616
102
655
74
359
642
646
574
327
809
719
247
890
917
333
32
169
254
94
193
44
454
464
193
337
971
157
983
774
149
447
742
602
101
815
961
742
460
534
421
620
604
667
861
872
999
893
40
253
338
584
648
791
48
192
479
370
348
813
495
496
259
236
98
359
402
410
453
861
295
873
481
898
539
341
769
889
585
160
493
922
96
141
713
495
332
543
-4
32
356
710
527
614
946
976
973
347
737
425
560
383
649
392
280
187
84
400
75
669
912
568
590
359
60
654
205
743
197
420
126
904
129
653
517
426
980
841
125
69
617
684
451
265
427
83
451
510
482
878
178
745
797
120
103
208
125
659
302
673
78
428
576
559
432
93
984
763
285
108
831
902
143
282
166
569
364
969
431
197
198
960
942
346
431
396
553
556
55
206
228
484
633
156
42
416
600
378
179
884
837
9
785
332
290
303
900
653
271
682
202
820
642
143
165
72
890
717
979
296
274
559
780
259
714
173
674
313
550
852
196
739
861
333
70
502
635
321
507
257
3
708
76
996
202
240
67
91
308
46
739
933
604
870
191
669
42
865
981
944
716
528
682
928
212
751
430
-38
71
288
454
425
995
881
420
548
120
839
638
779
884
728
712
839
597
902
507
991
118
839
286
186
718
967
113
930
69
894
127
491
181
933
268
527
813
687
74
285
525
64
63
760
791
126
950
740
380
808
82
497
646
367
682
716
685
147
645
105
40
771
595
573
55
214
451
868
901
525
152
777
940
566
537
82
44
486
821
423
294
254
271
291
620
953
6
304
451
2
408
490
125
355
414
179
568
865
46
820
741
197
597
32
115
133
113
158
970
286
932
615
539
202
258
159
506
263
814
956
265
222
446
389
928
211
567
847
427
965
667
519
513
263
550
627
747
663
136
68
300
67
683
838
269
940
348
774
554
162
82
170
735
879
910
14
89
829
860
516
793
526
34
305
140
936
284
886
598
419
306
897
486
988
86
106
279
434
231
832
595
312
2
681
190
911
694
279
91
553
146
883
431
531
188
922
466
471
160
415
241
465
663
726
452
749
183
730
534
414
913
480
725
266
160
267
529
205
897
619
109
42
502
539
924
41
461
742
863
620
156
103
436
171
181
887
919
363
968
452
128
232
931
853
498
442
119
378
646
367
996
754
408
849
645
683
241
457
424
103
428
932
558
863
102
738
101
372
100
420
175
228
651
457
432
500
898
902
877
895
268
225
1000
27
425
644
61
666
452
485
768
879
768
325
741
869
414
193
592
866
612
766
445
615
222
876
114
471
129
343
717
748
919
716
126
343
712
186
8
163
22
128
42
789
804
134
9
218
327
600
83
938
717
879
552
290
106
18
760
234
712
828
333
630
544
458
324
607
643
684
769
17
811
162
805
966
296
814
183
974
765
617
263
482
847
167
771
952
184
883
537
895
710
869
876
605
678
199
211
673
882
332
689
44
493
493
10
140
658
544
465
423
513
728
904
359
894
674
311
77
908
199
323
618
68
550
222
97
100
785
769
334
116
809
377
960
302
738
100
311
634
564
733
146
291
988
856
536
14
518
964
921
717
286
538
136
187
112
232
287
896
353
620
11
161
348
970
814
86
421
125
719
337
857
216
627
197
71
515
210
941
478
130
657
116
20
792
302
131
375
940
378
79
911
388
240
259
709
53
696
482
529
766
818
738
333
796
934
403
310
143
695
788
624
351
903
643
494
556
773
221
496
150
299
758
889
538
16
950
943
63
783
823
828
600
560
512
747
493
267
57
987
961
-17
611
312
450
605
157
5
378
377
852
879
676
610
120
565
977
421
507
392
203
330
571
154
241
83
900
86
349
956
72
309
503
34
972
952
639
129
309
368
505
512
598
532
473
69
97
450
489
955
193
43
636
763
196
877
845
96
962
193
51
385
854
906
771
825
857
761
953
165
128
810
29
77
341
501
146
789
302
986
744
494
29
379
257
224
607
453
319
920
646
722
305
499
627
427
675
835
187
980
352
666
789
-55
742
481
880
239
270
534
225
13
27
605
743
635
828
350
88
499
269
85
572
925
935
550
351
609
384
889
588
87
554
728
466
648
209
698
238
478
231
814
842
609
418
936
596
598
637
683
448
906
767
19
182
701
920
885
661
303
773
249
742
679
976
207
678
536
256
915
365
486
81
558
447
498
494
42
447
130
76
894
387
842
912
921
894
831
805
906
486
929
506
227
607
482
785
636
369
41
551
734
878
631
291
676
480
136
717
927
618
792
820
4
985
84
276
230
266
80
136
103
9
641
329
967
474
466
603
195
858
505
928
87
487
570
763
966
706
831
244
675
623
416
678
959
499
306
541
764
385
676
219
745
668
547
64
494
364
18
688
221
522
967
660
8
536
422
325
593
252
921
267
226
336
297
537
186
954
77
301
338
104
519
435
771
418
850
616
781
867
655
354
388
621
13
747
509
786
423
453
37
343
72
615
30
720
151
215
673
227
868
362
330
386
148
452
155
997
420
936
863
74
641
602
695
5
348
555
790
123
7
178
817
78
144
847
149
294
413
821
872
280
183
553
18
330
357
172
679
776
459
541
849
451
143
895
455
842
449
596
964
808
126
781
885
269
979
386
915
391
206
138
23
740
43
40
70
399
563
100
526
22
640
726
472
134
973
279
328
421
226
643
228
351
423
465
972
753
850
238
496
407
375
518
147
769
909
568
167
471
667
44
844
658
770
668
792
742
946
119
514
523
761
94
874
536
910
197
640
111
434
135
517
160
4
15
929
912
582
447
735
600
491
578
258
612
245
401
705
542
871
570
65
983
663
290
518
924
486
510
34
271
644
903
430
648
917
358
911
851
157
645
450
647
575
707
610
171
459
314
713
329
883
129
312
898
418
181
821
255
690
207
525
686
109
306
685
25
16
595
875
172
592
325
170
166
383
779
336
842
444
400
522
678
528
833
575
297
14
748
903
55
954
779
740
62
437
776
438
452
371
313
975
962
989
144
479
723
274
814
916
717
566
438
394
445
622
321
94
987
420
996
42
373
127
133
786
563
909
575
366
631
239
340
592
227
835
422
302
108
235
569
176
152
6
921
597
980
593
690
966
12
37
359
736
163
844
873
77
104
448
442
734
686
133
677
265
319
98
566
778
684
134
953
836
492
226
432
471
818
473
788
182
861
147
917
376
342
790
452
445
-15
246
178
274
730
854
538
49
303
103
826
986
589
779
173
432
356
956
254
525
428
41
706
289
539
975
664
880
764
467
676
352
712
853
625
442
58
515
842
360
969
667
698
557
797
870
340
152
826
593
677
-33
634
382
245
524
356
908
756
471
727
431
174
790
284
151
583
693
665
424
53
633
91
750
190
239
971
529
391
796
474
419
401
459
152
997
982
860
257
737
330
983
520
856
772
155
6
707
847
670
130
899
302
572
1000
843
811
323
724
553
118
197
971
870
655
122
219
988
333
475
77
663
457
596
518
580
750
875
286
596
544
768
847
197
339
198
40
501
872
763
405
342
311
375
211
317
849
781
304
181
255
732
195
711
-10
64
643
428
938
280
376
481
47
574
678
738
123
69
238
995
183
995
336
493
369
898
161
569
679
816
102
933
548
296
996
226
360
638
6
649
917
733
130
316
306
159
53
780
579
642
774
761
636
461
605
357
359
765
925
389
932
26
321
831
674
668
409
385
657
414
33
574
146
514
889
803
24
293
582
602
286
708
362
922
168
318
278
878
434
554
266
366
932
939
196
605
606
604
989
263
369
21
188
866
887
428
668
910
72
602
512
357
661
225
278
180
543
907
58
976
813
675
341
744
965
889
348
923
844
688
537
213
60
76
78
946
503
98
856
926
51
367
282
711
943
912
890
485
818
299
461
630
326
153
725
290
41
72
564
885
759
100
449
171
175
526
116
29
975
971
954
25
689
236
735
984
147
977
468
316
627
280
298
952
433
22
594
825
446
157
61
556
257
509
726
431
387
842
460
361
164
413
386
205
1000
472
188
498
448
7
-57
75
287
463
378
719
484
971
895
281
480
956
837
736
464
562
518
850
755
329
563
271
94
948
475
93
419
14
943
219
20
108
645
306
570
22
376
405
345
271
686
824
226
874
911
41
435
780
243
542
109
805
812
202
104
638
646
874
651
940
92
670
47
736
328
968
110
703
373
806
325
410
629
550
283
891
943
69
670
185
962
778
341
773
331
444
410
329
669
412
620
761
434
667
848
761
634
309
815
358
114
140
767
94
41
401
984
983
822
654
519
783
783
859
556
466
654
317
146
323
729
765
435
514
431
634
626
417
943
440
774
408
931
893
502
972
645
485
306
466
490
825
249
625
35
156
90
41
472
235
363
552
999
149
65
782
782
690
550
76
482
675
484
412
567
985
735
564
821
41
29
311
217
629
935
251
784
376
291
256
610
5
159
960
153
576
93
287
617
642
362
98
317
845
862
235
181
596
798
2
636
179
664
852
807
598
455
591
325
745
198
934
102
708
245
254
283
338
892
900
979
606
349
647
450
210
882
983
806
31
984
793
561
647
997
368
596
451
310
920
195
859
205
648
566
449
254
201
138
145
452
469
750
800
115
552
10
348
534
167
379
869
959
939
867
955
658
814
405
319
85
952
177
289
951
95
89
204
647
579
349
98
47
98
897
161
1
258
509
534
424
239
402
383
529
620
689
187
433
446
857
517
749
386
157
699
480
598
903
126
176
251
575
574
700
471
86
701
729
594
586
152
184
340
886
713
959
927
251
744
372
459
260
120
844
769
818
323
718
72
800
245
322
374
818
374
197
903
426
277
849
11
780
32
350
666
96
661
592
698
404
315
157
15
434
1000
135
603
675
852
27
826
96
700
552
913
73
748
168
498
24
16
861
803
399
210
820
847
222
763
544
625
77
52
992
862
404
-16
817
430
330
843
255
425
542
158
690
967
905
857
464
280
872
324
435
270
886
606
468
107
369
12
84
797
415
427
11
818
552
179
599
881
373
206
658
266
363
347
232
268
555
48
899
426
723
685
47
608
291
515
67
11
878
502
159
292
928
521
462
831
699
412
64
71
617
721
337
980
419
920
599
973
967
497
750
42
534
148
649
824
14
67
186
891
920
344
535
199
865
348
30
915
759
445
986
376
517
674
355
935
945
953
259
912
801
360
953
334
507
953
509
521
372
694
763
643
390
297
842
254
644
223
168
755
667
505
130
535
530
836
469
475
140
79
738
292
438
690
626
296
994
486
816
717
180
579
360
569
227
553
174
223
775
341
977
793
198
458
327
727
645
147
201
784
225
938
75
14
979
52
661
325
538
477
393
69
407
752
989
985
304
162
207
430
854
535
222
51
992
548
130
636
694
330
771
270
620
198
283
950
601
944
274
490
772
667
558
530
770
898
514
426
59
73
855
265
607
77
667
599
624
148
586
670
478
709
939
449
906
222
398
506
517
24
996
640
690
905
169
811
803
682
236
213
754
91
829
713
519
496
663
494
643
248
163
472
956
102
272
861
675
670
719
191
45
714
830
734
970
350
896
772
383
132
337
489
222
165
201
92
12
863
585
655
110
748
478
418
849
750
630
523
771
-53
65
815
413
246
900
735
595
795
506
977
-9
194
465
851
359
665
942
370
879
527
376
989
274
206
758
474
955
387
348
77
87
412
243
851
657
494
585
603
640
443
579
918
636
396
768
346
412
710
716
291
236
443
631
861
648
388
334
954
126
681
30
564
444
624
767
452
117
703
54
757
145
984
674
133
731
441
478
143
502
545
785
89
988
415
949
635
154
282
941
631
314
970
547
757
594
313
560
62
15
613
818
512
949
843
644
679
636
473
173
137
18
309
226
357
723
526
343
228
808
283
211
473
605
757
582
550
421
141
611
435
106
781
298
54
623
941
84
610
766
609
747
135
917
324
491
992
849
185
571
8
468
781
481
424
889
62
973
309
554
583
96
659
715
393
64
338
686
148
299
451
108
45
937
376
720
779
367
921
963
290
928
782
422
760
205
311
173
177
971
727
112
66
737
826
811
801
515
496
300
814
298
407
210
586
782
282
364
501
202
678
790
129
460
563
241
16
873
413
545
844
491
656
261
228
833
71
28
700
918
327
513
215
85
74
800
218
355
515
70
556
193
211
37
4
774
277
19
646
41
563
841
532
570
102
111
755
524
138
454
442
816
318
8
900
391
808
469
98
322
539
653
866
749
41
869
522
669
888
168
62
802
360
593
724
461
55
478
985
192
283
778
359
600
785
258
342
592
78
439
266
616
92
131
365
484
352
886
153
591
405
214
392
765
158
467
577
212
296
913
755
578
690
113
529
475
722
871
418
799
309
683
767
752
166
131
588
869
368
740
459
773
305
202
889
814
669
465
377
316
378
483
894
419
947
774
893
668
644
311
818
305
345
584
408
862
66
995
-13
434
86
188
558
742
742
446
555
410
262
283
725
639
117
970
410
63
96
302
82
91
964
900
395
309
835
155
522
901
149
252
686
235
791
243
976
532
688
883
293
949
165
370
940
282
691
349
696
138
650
778
229
614
29
975
274
863
129
795
115
278
398
800
864
189
42
839
72
81
73
717
30
590
438
321
223
480
669
918
618
670
695
846
635
723
820
908
938
301
55
404
578
452
204
793
992
245
631
416
678
704
484
707
645
921
27
867
400
47
784
17
716
831
214
351
553
386
610
842
686
664
246
615
468
801
407
811
45
389
226
74
444
709
780
88
981
158
954
733
204
738
101
920
568
315
622
472
52
583
666
737
599
911
351
66
711
109
876
107
497
454
181
941
514
312
28
495
470
982
579
673
71
679
944
638
345
917
461
396
500
126
132
98
36
834
163
98
942
390
557
439
195
737
379
709
48
758
-5
869
739
133
894
809
811
837
798
508
754
259
903
605
384
35
702
772
220
216
221
162
605
777
952
800
513
330
860
913
87
414
133
178
898
26
986
60
863
136
567
968
394
470
572
129
856
625
900
75
840
121
588
796
249
539
947
762
220
806
26
307
571
158
836
820
184
173
880
398
308
446
717
701
267
-60
182
474
264
433
549
103
905
488
250
154
27
197
267
246
2
292
904
925
801
739
744
984
264
623
733
571
421
801
624
39
440
805
513
55
589
61
157
494
900
407
647
926
955
913
524
308
556
779
232
356
870
328
692
133
950
776
703
722
577
678
761
16
834
273
71
423
685
579
916
584
337
914
862
291
826
385
599
381
515
182
88
384
509
779
516
811
555
571
532
131
248
644
498
434
268
920
856
952
851
771
888
187
684
101
830
861
837
780
593
351
313
680
735
822
459
602
632
365
172
515
847
772
511
344
205
778
616
412
82
466
182
969
4
217
421
185
429
257
964
21
607
277
700
693
450
510
295
433
226
818
947
72
941
809
768
497
587
383
908
668
200
441
988
203
9
408
388
437
664
703
457
622
331
509
315
132
370
609
564
-80
778
863
667
719
671
786
215
257
520
475
276
719
915
263
274
924
22
13
712
685
67
169
659
398
29
973
529
398
933
445
993
710
307
12
780
977
797
347
586
317
821
861
387
87
476
12
362
497
24
74
534
443
594
192
840
622
516
720
19
448
516
364
157
822
375
289
151
171
635
88
839
807
300
226
893
775
589
607
624
613
32
509
55
625
52
246
598
567
317
616
14
833
979
522
6
705
810
508
876
796
595
66
602
895
643
847
21
232
805
644
196
836
504
602
812
555
847
409
121
515
376
486
699
707
360
57
411
521
564
638
317
159
704
270
53
346
468
73
577
624
69
124
459
572
725
270
479
923
30
951
790
406
437
488
112
148
896
522
668
460
512
336
970
215
958
374
912
777
798
841
401
866
964
211
790
689
481
620
611
510
570
400
267
358
240
378
505
135
252
525
946
763
212
915
329
169
288
240
298
86
80
50
303
44
260
92
84
740
63
694
602
633
446
868
990
37
598
847
171
201
723
117
963
934
383
643
455
671
882
752
108
962
801
410
357
60
854
440
152
916
485
105
548
930
324
890
966
273
736
489
473
458
957
787
743
339
429
197
9
311
300
116
624
100
878
980
512
731
771
15
646
255
471
194
185
146
435
502
419
522
990
243
979
946
30
721
637
458
270
645
120
569
113
95
21
990
74
884
720
196
250
717
451
720
262
987
217
696
488
635
217
830
878
547
127
259
620
763
716
889
760
188
809
224
282
829
565
708
712
636
903
313
352
705
32
614
691
249
661
531
235
878
360
464
776
838
722
395
953
790
635
712
329
444
287
610
624
851
669
688
838
924
1000
189
628
32
154
319
632
815
849
218
44
560
34
819
397
755
566
349
896
200
412
224
643
50
186
619
252
206
306
89
129
305
630
757
688
783
427
671
949
627
889
992
186
274
163
934
28
728
283
276
927
46
851
922
448
36
540
699
594
845
788
722
501
417
830
189
551
256
859
500
882
99
843
67
372
5
1
752
732
635
27
11
32
229
284
479
265
823
178
210
19
317
931
871
85
761
59
635
368
270
486
250
368
681
668
92
685
20
843
769
6
221
131
38
449
414
868
65
588
397
274
958
713
205
828
149
317
887
136
684
508
973
285
875
653
305
966
690
676
160
458
682
380
940
71
829
353
290
893
292
687
519
249
751
723
76
900
391
314
387
426
821
359
63
48
12
719
365
701
394
525
510
427
904
449
849
84
153
139
977
444
177
495
692
927
569
119
178
311
785
564
88
957
275
150
356
286
868
721
338
614
245
847
40
500
647
889
584
799
379
912
242
555
758
285
833
678
403
363
988
539
278
75
496
552
577
851
189
444
923
526
57
167
372
449
19
370
689
602
168
67
865
761
973
622
45
157
299
800
519
638
338
149
64
185
700
640
36
889
84
958
414
492
477
138
940
495
507
980
448
27
46
312
787
370
285
832
879
583
631
749
572
320
897
635
505
597
275
540
837
710
849
602
553
677
91
845
523
950
824
970
976
222
633
762
591
917
945
469
851
575
218
774
895
466
409
751
414
35
290
250
744
490
204
648
167
294
492
41
243
316
11
218
537
995
332
479
912
276
300
114
203
869
888
449
334
648
199
748
682
840
349
777
329
552
424
847
846
916
888
88
583
250
658
471
244
989
949
507
264
248
973
466
116
212
914
802
859
464
549
540
303
249
668
984
801
91
830
646
358
69
85
940
318
742
410
914
730
711
772
994
310
744
811
778
955
77
579
165
540
479
56
843
727
723
826
527
166
7
524
523
76
609
815
745
350
576
10
432
286
782
777
596
877
587
373
184
15
951
348
907
781
756
749
507
478
926
386
643
284
909
518
711
869
332
808
571
907
817
2
193
950
130
140
179
68
512
362
83
814
61
989
594
816
89
452
294
366
189
288
649
450
805
360
318
136
167
240
395
335
241
939
637
722
78
815
790
941
176
872
754
236
212
699
404
300
502
49
665
691
336
665
140
493
376
457
980
894
697
374
229
289
312
865
11
389
679
800
681
206
23
434
793
234
484
196
885
986
244
901
676
580
917
815
424
293
623
403
186
-70
777
766
960
440
982
322
181
12
473
861
217
495
295
362
80
778
557
316
115
801
568
790
732
484
604
507
776
579
909
314
249
685
79
208
125
413
881
305
424
353
517
993
199
811
354
630
941
910
297
55
62
864
197
145
348
800
651
475
378
560
140
979
596
219
186
72
631
419
728
406
771
245
398
322
407
751
951
347
13
600
754
74
463
950
571
162
101
221
989
831
132
128
809
728
698
346
799
680
764
527
86
887
123
483
208
529
586
510
876
598
109
981
671
924
282
241
437
734
814
425
564
297
553
724
24
250
422
175
930
185
53
367
423
175
849
982
703
434
844
930
383
952
262
54
227
543
646
664
277
811
88
192
108
992
916
483
594
337
9
523
873
61
241
296
587
89
277
290
875
472
571
257
424
